246.818481445313,220.083267211914
242.500442504883,220.337921142578
233.073944091797,220.289932250977
226.167358398438,220.393264770508
217.879898071289,220.757171630859
212.112335205078,220.448928833008
206.533767700195,219.115646362305
201.750442504883,217.887084960938
197.795959472656,216.577713012695
194.592498779297,215.436080932617
187.809936523438,201.698043823242
186.45426940918,200.711120605469
186.296112060547,202.211410522461
186.125305175781,203.032455444336
185.981185913086,203.335342407227
185.12744140625,199.805786132813
185.346984863281,199.442123413086
185.553649902344,197.99267578125
186.420959472656,197.434799194336
187.4404296875,197.250778198242
188.708145141602,197.264801025391
190.24755859375,197.257507324219
191.767242431641,197.315658569336
193.120315551758,197.403198242188
194.673370361328,197.494827270508
196.416717529297,197.944107055664
197.902847290039,198.403472900391
199.508590698242,198.939178466797
200.809295654297,198.634582519531
202.235076904297,201.683364868164
203.580596923828,201.813949584961
204.75471496582,202.161468505859
206.185455322266,202.9189453125
207.540008544922,203.504302978516
208.747406005859,203.652770996094
210.24055480957,203.691421508789
211.722366333008,203.96630859375
212.869140625,204.31477355957
214.168014526367,204.488174438477
215.440628051758,204.487838745117
216.555206298828,204.651733398438
217.775009155273,205.21337890625
219.016357421875,205.463897705078
220.17317199707,205.552642822266
221.317108154297,205.547836303711
222.434555053711,205.619384765625
223.437713623047,205.695999145508
224.226470947266,205.907516479492
224.939605712891,206.043258666992
225.601837158203,205.924728393555
226.06169128418,206.04621887207
226.622207641602,205.738876342773
227.052062988281,205.623062133789
227.333572387695,205.542602539063
227.667602539063,205.281753540039
227.896270751953,205.266189575195
228.18994140625,204.882568359375
228.40901184082,204.869003295898
228.622055053711,204.744094848633
228.787475585938,204.779525756836
229.083953857422,202.959579467773
229.246292114258,202.973587036133
229.373168945313,202.775848388672
229.474472045898,202.601364135742
229.599975585938,202.081146240234
229.69319152832,202.016265869141
229.764038085938,202.042587280273
229.868286132813,201.743209838867
229.92350769043,201.755905151367
230.022216796875,201.748031616211
230.082977294922,201.944778442383
230.181976318359,201.969345092773
230.289901733398,201.935409545898
230.380706787109,202.034423828125
230.478363037109,201.974319458008
230.582046508789,202.044708251953
230.745544433594,201.626052856445
230.881103515625,201.414825439453
230.983459472656,201.72917175293
231.105316162109,201.621536254883
231.180435180664,201.566390991211
231.223068237305,201.610458374023
231.284225463867,201.626129150391
231.332870483398,201.659545898438
231.432098388672,201.143035888672
231.49674987793,200.894638061523
231.545104980469,200.93571472168
231.563674926758,200.786178588867
231.578765869141,200.649200439453
231.581253051758,200.513870239258
231.585998535156,200.357299804688
231.588836669922,200.276473999023
231.597930908203,200.029144287109
231.551147460938,199.415420532227
231.503677368164,199.291687011719
231.492279052734,199.262435913086
231.4404296875,199.240814208984
231.401260375977,199.235366821289
231.35595703125,199.242950439453
231.298263549805,199.272903442383
231.273162841797,199.337707519531
231.225875854492,199.32878112793
231.185958862305,199.203735351563
231.113693237305,199.060348510742
231.075347900391,198.911361694336
231.024566650391,198.802124023438
230.946517944336,198.756774902344
230.890258789063,198.773559570313
230.799011230469,198.828414916992
230.639633178711,198.864593505859
230.357879638672,198.864349365234
229.86296081543,198.885452270508
228.886581420898,198.850631713867
226.875381469727,198.069793701172
224.562881469727,197.350448608398
221.710144042969,197.727584838867
218.56559753418,198.33918762207
214.704803466797,199.512908935547
211.023574829102,200.624618530273
207.547897338867,202.067153930664
202.871566772461,202.018768310547
199.155212402344,202.973876953125
196.441543579102,204.607345581055
192.485229492188,204.071350097656
189.403259277344,204.586196899414
187.044509887695,206.009582519531
184.256103515625,206.44059753418
182.172149658203,207.452896118164
181.035583496094,208.905776977539
179.555084228516,210.562515258789
178.643325805664,211.675262451172
177.768417358398,213.026916503906
177.06103515625,214.150344848633
176.831680297852,215.587799072266
176.838348388672,216.1416015625
176.944717407227,216.293228149414
177.573333740234,216.233551025391
179.637634277344,215.298522949219
183.995208740234,212.993835449219
188.338958740234,211.006912231445
195.791717529297,208.92170715332
203.258148193359,207.506210327148
211.798217773438,206.925445556641
218.939971923828,205.190490722656
227.206741333008,203.123397827148
237.15495300293,199.567565917969
245.908935546875,199.157867431641
254.605239868164,200.688323974609
261.57470703125,203.045623779297
270.426635742188,205.386917114258
275.974731445313,207.647308349609
282.513275146484,210.329956054688
287.780517578125,213.138122558594
292.135009765625,215.917465209961
295.442199707031,218.433563232422
297.493743896484,220.599700927734
299.409240722656,223.586975097656
299.803588867188,225.137023925781
299.797668457031,225.42561340332
298.8662109375,225.137573242188
295.156555175781,222.876724243164
286.401123046875,221.314483642578
278.196166992188,217.552703857422
266.736724853516,213.365585327148
256.934906005859,210.392135620117
243.505355834961,206.112152099609
233.607574462891,204.464736938477
219.3798828125,203.424453735352
210.183929443359,205.073669433594
199.183837890625,206.326263427734
192.520034790039,208.926620483398
182.777221679688,210.231185913086
178.014953613281,213.238998413086
173.043731689453,215.912628173828
171.080322265625,217.021530151367
170.184539794922,217.572906494141
170.082183837891,217.614700317383
170.858459472656,217.099990844727
175.772018432617,214.598770141602
183.357818603516,211.673049926758
191.358154296875,209.869659423828
199.636489868164,206.638381958008
207.599609375,204.462707519531
214.05876159668,204.072738647461
219.740615844727,202.162460327148
225.472900390625,199.266830444336
228.335296630859,199.062164306641
230.351974487305,198.869400024414
231.51301574707,198.733184814453
232.284759521484,198.495269775391
232.702484130859,198.345825195313
232.987609863281,198.147644042969
233.218109130859,198.012222290039
233.41227722168,197.975982666016
233.600173950195,197.908721923828
233.759414672852,197.833679199219
233.849380493164,198.794815063477
233.889358520508,200.879211425781
234.106506347656,204.778350830078
234.296905517578,212.713226318359
235.210266113281,223.653259277344
235.917327880859,235.518280029297
236.898223876953,245.916961669922
237.50341796875,246.519271850586
239.337188720703,267.6416015625
239.601211547852,264.646301269531
239.994873046875,269.559356689453
239.876693725586,271.979309082031
239.528030395508,273.875061035156
240.118087768555,283.022338867188
238.894638061523,287.483276367188
239.206527709961,289.626525878906
241.072341918945,298.701446533203
241.18815612793,300.003387451172
241.151123046875,300.008148193359
241.132095336914,300.013000488281
240.703033447266,294.304351806641
240.654113769531,294.259826660156
240.603790283203,294.206726074219
240.632232666016,294.136688232422
240.591247558594,294.004669189453
240.61100769043,293.902130126953
240.756362915039,293.343566894531
240.832946777344,293.218597412109
240.817092895508,292.995544433594
240.875,292.664733886719
241.286529541016,298.692596435547
241.243560791016,298.382507324219
241.234481811523,298.206176757813
241.234100341797,298.0537109375
241.218307495117,297.907287597656
241.188293457031,297.5419921875
241.122680664063,296.700927734375
240.886871337891,293.864501953125
240.636047363281,287.983093261719
239.73454284668,279.293212890625
238.772857666016,266.847259521484
238.939575195313,260.139373779297
239.091232299805,257.065155029297
238.380264282227,230.825225830078
238.635330200195,224.208282470703
239.1435546875,211.062026977539
239.612213134766,203.907287597656
240.470336914063,191.264633178711
240.905120849609,189.055480957031
241.219757080078,188.278060913086
241.371551513672,187.666351318359
241.531692504883,187.306915283203
241.623779296875,186.893112182617
241.754653930664,186.564163208008
241.811431884766,186.277328491211
241.934951782227,186.007553100586
242.020767211914,185.745254516602
242.120788574219,185.477233886719
242.260452270508,185.238754272461
242.296997070313,185.200866699219
242.281997680664,185.401947021484
242.234313964844,185.197906494141
242.172027587891,185.197967529297
242.094131469727,185.185104370117
241.890106201172,185.193756103516
241.305633544922,185.567108154297
240.759399414063,186.54606628418
239.660614013672,190.567153930664
239.042678833008,198.578002929688
238.598617553711,209.808898925781
237.857635498047,223.757675170898
237.494613647461,235.91325378418
237.484466552734,247.357849121094
237.895141601563,258.347808837891
237.674560546875,262.287872314453
237.399566650391,271.328491210938
237.909088134766,283.601501464844
237.596160888672,287.439300537109
236.823959350586,290.888549804688
235.751892089844,293.687530517578
234.72981262207,295.312316894531
233.863357543945,296.414306640625
232.976013183594,297.253356933594
231.456939697266,296.417205810547
230.414901733398,295.446472167969
229.608428955078,293.771179199219
228.89306640625,290.125915527344
228.194366455078,283.802886962891
227.77734375,272.206756591797
228.041656494141,263.116088867188
228.059936523438,255.426940917969
228.674530029297,238.632568359375
228.639114379883,226.36083984375
229.076721191406,216.020858764648
229.530212402344,209.158737182617
229.571868896484,201.707778930664
229.689163208008,198.657135009766
229.983459472656,197.882080078125
230.00944519043,197.399200439453
230.130264282227,197.19157409668
230.793441772461,196.769760131836
230.415191650391,195.95231628418
230.533676147461,194.717010498047
230.596282958984,194.756393432617
230.653396606445,195.163436889648
231.249633789063,194.821990966797
231.287643432617,194.781524658203
231.546920776367,194.927673339844
232.530456542969,194.023468017578
233.333114624023,194.377075195313
234.963562011719,195.081100463867
238.361694335938,195.009521484375
242.083862304688,195.267730712891
247.454162597656,195.240966796875
252.09880065918,195.780410766602
259.359436035156,195.033432006836
265.166259765625,195.982727050781
270.758850097656,196.927673339844
276.046875,198.125244140625
280.004669189453,199.639526367188
285.917846679688,197.867385864258
289.67138671875,198.685317993164
293.681793212891,198.651718139648
296.527099609375,198.556640625
298.554260253906,198.339172363281
300.612030029297,198.135818481445
301.893981933594,197.925277709961
302.421783447266,197.906677246094
302.720703125,197.768569946289
302.7646484375,197.771865844727
302.725341796875,197.805740356445
301.362823486328,198.965316772461
300.455078125,199.092025756836
299.004669189453,199.076293945313
297.092346191406,198.775177001953
294.351318359375,198.232437133789
291.6591796875,197.820739746094
287.915161132813,197.121795654297
283.415618896484,196.637496948242
278.678192138672,196.03076171875
272.577087402344,195.927108764648
264.287963867188,197.746505737305
257.966278076172,196.717208862305
250.344757080078,195.225051879883
244.578521728516,194.550170898438
239.507553100586,195.380294799805
234.963607788086,196.165313720703
231.008499145508,197.433639526367
227.969619750977,198.83528137207
225.427536010742,199.78141784668
223.646057128906,200.402053833008
221.635803222656,201.170623779297
220.638000488281,201.371109008789
219.881866455078,201.57258605957
219.372680664063,201.642440795898
219.146835327148,201.691528320313
218.982040405273,201.722061157227
218.930297851563,201.684799194336
218.914611816406,200.952819824219
219.692123413086,200.770599365234
220.742309570313,200.748001098633
222.651794433594,200.697738647461
224.928146362305,200.879699707031
227.730484008789,200.938629150391
231.415618896484,200.304595947266
236.365921020508,194.781616210938
240.531127929688,195.798355102539
245.878616333008,193.166458129883
250.50944519043,193.846099853516
255.050445556641,194.429550170898
259.081268310547,194.614898681641
263.289581298828,194.736358642578
266.872314453125,195.049011230469
269.510955810547,195.009536743164
271.702423095703,195.00862121582
274.05517578125,193.839492797852
275.626708984375,193.903213500977
277.136077880859,193.541702270508
278.054595947266,193.597045898438
278.761993408203,193.709762573242
280.411407470703,196.146575927734
280.774475097656,195.50080871582
281.088195800781,195.333450317383
281.400512695313,194.850860595703
281.912170410156,194.80632019043
282.69140625,194.826934814453
283.794464111328,195.141479492188
285.525207519531,195.969772338867
287.350158691406,197.199401855469
289.740325927734,200.993438720703
293.114349365234,205.846084594727
295.946136474609,207.844055175781
299.361358642578,209.510955810547
302.713104248047,211.393859863281
306.546569824219,215.729507446289
310.315551757813,218.061782836914
313.975830078125,227.001846313477
314.794860839844,227.036315917969
319.185455322266,236.440383911133
319.633239746094,240.374694824219
321.253723144531,243.311325073242
323.619689941406,250.570892333984
324.8232421875,254.350738525391
325.113494873047,254.649780273438
326.49951171875,264.230804443359
328.779266357422,268.899719238281
329.951690673828,271.544860839844
331.179138183594,273.660278320313
329.299774169922,279.162689208984
330.828277587891,280.235900878906
331.772064208984,281.049072265625
331.688354492188,282.339416503906
331.760375976563,282.795562744141
331.662902832031,282.975891113281
331.380096435547,282.941284179688
330.307708740234,282.878112792969
328.698791503906,281.590942382813
326.743927001953,279.621429443359
324.468139648438,275.778381347656
323.766662597656,266.616241455078
322.065216064453,260.835174560547
319.374481201172,255.720642089844
319.322296142578,245.043304443359
316.990173339844,238.392761230469
315.076202392578,234.313568115234
314.62451171875,224.920867919922
312.254638671875,221.596832275391
310.523071289063,218.325469970703
310.733764648438,215.712097167969
308.485870361328,214.157165527344
308.371398925781,213.839813232422
308.326538085938,213.715255737305
308.336059570313,213.663787841797
308.474822998047,213.754333496094
308.905731201172,214.050430297852
309.6865234375,214.67024230957
311.741668701172,216.505340576172
314.200073242188,219.243713378906
315.213470458984,220.069839477539
317.176483154297,222.817840576172
318.464935302734,225.344451904297
323.544677734375,236.517700195313
324.631988525391,237.395767211914
327.128814697266,242.513153076172
327.399230957031,247.780151367188
327.682800292969,247.886932373047
328.843170166016,250.38020324707
329.253173828125,252.41096496582
327.105163574219,262.584411621094
324.118347167969,271.301696777344
323.284301757813,273.192657470703
323.7890625,273.907012939453
324.027130126953,274.881805419922
322.256439208984,277.897827148438
322.858795166016,278.284454345703
323.348571777344,279.011413574219
322.03662109375,281.159362792969
321.241271972656,283.066772460938
320.5146484375,284.835021972656
319.869842529297,286.802612304688
319.715698242188,288.644714355469
320.266387939453,289.938140869141
320.127563476563,291.553009033203
320.860290527344,292.387298583984
321.136535644531,293.442901611328
321.489166259766,294.357482910156
321.747619628906,294.970977783203
321.871154785156,295.735900878906
321.992645263672,296.205322265625
322.014739990234,296.486846923828
322.019775390625,296.591369628906
322.102478027344,296.546844482422
322.108581542969,296.4208984375
321.854858398438,296.1201171875
321.306579589844,295.355041503906
320.286743164063,294.093170166016
319.003173828125,292.593566894531
315.962280273438,292.355712890625
312.424133300781,292.455139160156
309.982177734375,291.443572998047
304.929779052734,291.537933349609
303.666625976563,292.069427490234
297.348266601563,288.390075683594
281.852142333984,288.194152832031
277.56396484375,286.360656738281
269.5302734375,282.245574951172
264.531829833984,278.609466552734
258.631286621094,275.966552734375
253.473937988281,272.959045410156
250.195602416992,270.712219238281
247.294860839844,268.746795654297
243.785446166992,267.623931884766
242.406051635742,266.072265625
240.99284362793,264.631591796875
239.987350463867,263.631683349609
238.645538330078,263.121032714844
238.263565063477,262.832946777344
238.176727294922,262.707092285156
238.447067260742,262.967559814453
243.820495605469,260.121948242188
245.425033569336,262.278442382813
246.236831665039,267.109649658203
242.194595336914,277.066986083984
244.659729003906,277.806030273438
245.843811035156,279.970153808594
246.848907470703,279.994323730469
243.859329223633,285.804382324219
244.29931640625,285.840698242188
243.071319580078,286.724609375
242.883880615234,286.519897460938
242.545150756836,286.186462402344
239.517242431641,287.279022216797
238.572265625,287.036376953125
237.29248046875,286.726989746094
236.547805786133,286.366027832031
235.826995849609,286.148223876953
235.410293579102,285.786590576172
234.978698730469,285.705139160156
236.463989257813,284.443572998047
237.184829711914,283.979888916016
238.141906738281,283.986450195313
239.340087890625,285.073028564453
242.128051757813,285.698913574219
245.623519897461,286.787902832031
249.185211181641,288.541931152344
253.385726928711,290.296997070313
262.645599365234,289.987182617188
268.142883300781,292.404174804688
272.041656494141,295.761108398438
274.553375244141,299.844543457031
275.644195556641,303.769409179688
277.942016601563,307.848754882813
278.863372802734,310.720092773438
281.796020507813,313.282043457031
283.386352539063,315.823669433594
284.156433105469,318.526947021484
285.006683349609,321.049743652344
285.688232421875,323.399749755859
287.841278076172,325.723907470703
288.266479492188,327.516845703125
288.667602539063,328.930847167969
289.045867919922,329.962158203125
289.206970214844,330.698425292969
289.24755859375,331.020629882813
286.957397460938,331.57568359375
285.180694580078,331.351318359375
285.063629150391,330.030639648438
281.098663330078,328.175506591797
276.823974609375,325.920928955078
273.790435791016,322.971069335938
272.207214355469,320.317749023438
270.450500488281,316.328857421875
269.039093017578,312.966766357422
266.048645019531,308.529968261719
262.360168457031,303.037170410156
258.414978027344,298.431732177734
252.773727416992,291.456390380859
246.737533569336,289.140197753906
243.724853515625,282.567291259766
241.558074951172,276.282531738281
238.810699462891,272.523101806641
236.791397094727,269.912963867188
235.636947631836,269.134399414063
235.486389160156,268.933227539063
235.585266113281,269.039367675781
236.313751220703,269.915954589844
237.506088256836,272.176483154297
238.765823364258,274.953979492188
238.880142211914,278.307739257813
243.424392700195,279.020263671875
244.639770507813,280.985961914063
246.147384643555,283.019927978516
247.248077392578,285.299224853516
248.405410766602,287.208618164063
252.312515258789,288.467987060547
255.047073364258,290.957824707031
257.993133544922,293.671691894531
264.370758056641,293.983764648438
269.094848632813,296.898559570313
272.705383300781,299.141876220703
274.867340087891,303.061096191406
281.072845458984,305.196746826172
285.876251220703,304.128784179688
287.508239746094,304.936462402344
292.4150390625,304.335784912109
294.784454345703,304.832946777344
296.826507568359,305.645141601563
300.704223632813,307.073089599609
303.378845214844,307.198120117188
304.129364013672,307.350128173828
309.822509765625,306.239776611328
311.246520996094,306.296234130859
312.617553710938,306.21875
313.573974609375,306.205200195313
314.013488769531,306.020935058594
314.062133789063,305.878784179688
313.877502441406,305.723236083984
311.778167724609,306.112945556641
310.191223144531,306.127044677734
308.501556396484,306.109741210938
306.767120361328,305.784851074219
302.891784667969,305.453002929688
297.585510253906,306.617584228516
293.083740234375,306.150909423828
289.275390625,305.248748779297
279.491577148438,305.955108642578
273.784942626953,305.152618408203
268.649719238281,304.150024414063
262.426971435547,303.215270996094
257.367736816406,301.2646484375
254.165237426758,299.918029785156
244.262100219727,300.91259765625
242.380416870117,300.786285400391
236.825805664063,303.037841796875
236.707550048828,302.778503417969
236.102752685547,303.144317626953
232.072387695313,305.260223388672
228.146545410156,307.862640380859
226.948272705078,308.787841796875
212.617294311523,316.280670166016
212.168319702148,316.805389404297
211.101272583008,317.475769042969
209.900604248047,318.082397460938
209.885177612305,317.941955566406
210.332809448242,318.561981201172
211.765838623047,320.638946533203
211.781463623047,320.610534667969
211.234603881836,320.094299316406
210.733367919922,320.064697265625
210.731719970703,320.095092773438
210.559844970703,320.160278320313
226.433502197266,325.608673095703
226.440994262695,325.606414794922
227.85498046875,323.990142822266
228.481048583984,323.753845214844
229.19677734375,326.525817871094
239.658325195313,324.353088378906
240.881072998047,328.898406982422
249.786651611328,325.902984619141
250.96647644043,326.216003417969
251.252365112305,330.400817871094
257.288360595703,332.443298339844
264.104339599609,331.6923828125
272.994476318359,327.850555419922
277.977233886719,325.710662841797
284.281707763672,322.412750244141
284.427215576172,321.04931640625
283.576232910156,319.757171630859
292.835418701172,317.156982421875
293.056396484375,317.066864013672
293.334503173828,316.073638916016
294.252227783203,315.358276367188
300.048248291016,316.479614257813
302.194152832031,316.490051269531
303.816558837891,316.344848632813
305.093780517578,315.893798828125
305.924621582031,315.486450195313
306.727722167969,314.894989013672
306.412902832031,311.209106445313
306.398223876953,310.033813476563
306.343353271484,308.700622558594
306.199890136719,307.783874511719
305.862182617188,306.356811523438
305.280029296875,304.511840820313
304.399444580078,302.445404052734
301.013763427734,298.331298828125
300.0830078125,295.177124023438
297.145965576172,290.862457275391
294.756225585938,284.749145507813
289.920440673828,278.465606689453
282.813537597656,272.211212158203
275.482391357422,264.040344238281
269.478363037109,259.426177978516
264.8291015625,255.605606079102
259.501983642578,250.371185302734
252.628051757813,248.795501708984
249.239990234375,244.873626708984
246.168518066406,242.014144897461
241.178451538086,238.700042724609
238.765380859375,235.984100341797
235.773666381836,233.525054931641
232.789352416992,231.255432128906
230.346298217773,226.916366577148
228.178604125977,224.892059326172
225.90608215332,223.108123779297
224.122253417969,221.547653198242
222.436950683594,220.550445556641
220.487045288086,219.509140014648
218.829055786133,218.749160766602
217.302459716797,218.080093383789
215.631271362305,217.235412597656
213.900543212891,216.520568847656
211.427032470703,214.398010253906
209.621032714844,213.786819458008
206.906280517578,211.770690917969
204.691467285156,211.018508911133
203.059326171875,210.382034301758
201.430404663086,210.070129394531
200.023162841797,209.767517089844
198.533309936523,209.644119262695
197.381744384766,209.756805419922
196.471527099609,208.755722045898
195.736740112305,209.013519287109
195.281097412109,208.588897705078
195.136642456055,206.828903198242
195.01530456543,206.478408813477
195.000061035156,206.884002685547
195.368927001953,207.168563842773
196.278549194336,207.76350402832
199.162399291992,208.043960571289
202.178451538086,205.629959106445
205.852325439453,205.572418212891
210.168640136719,208.532501220703
215.793121337891,209.671020507813
220.140563964844,210.091751098633
228.401107788086,204.698272705078
233.500762939453,204.557388305664
237.154357910156,205.734024047852
240.244644165039,206.731155395508
245.8408203125,206.996841430664
247.954437255859,207.078308105469
249.713439941406,207.034606933594
251.216735839844,205.501052856445
251.955383300781,204.584808349609
252.458648681641,204.298385620117
253.307525634766,199.995300292969
253.532104492188,199.234268188477
253.631530761719,199.02978515625
253.621459960938,198.601608276367
253.552124023438,198.530715942383
253.446472167969,198.492294311523
253.248046875,198.278945922852
253.005126953125,197.533905029297
252.789749145508,197.207122802734
252.609130859375,196.85612487793
252.490432739258,196.814880371094
252.368896484375,196.731674194336
252.325485229492,196.715591430664
252.286148071289,196.658279418945
252.274642944336,196.641876220703
252.290328979492,196.451950073242
252.343658447266,196.536285400391
252.396621704102,196.521850585938
252.515716552734,196.481781005859
252.713928222656,196.457916259766
